Город,Широта,Долгота,Население(тыс),Вес
Муром,55.57, 42.00, 107 ,2596535.25 
Арзамас,55.38, 43.87, 104 ,2596543.75 
Дзержинск,56.27, 43.40, 229 ,2611063.25 
Нижний Новгород,56.30, 44.00, 1252 ,2613153.75 
Ковров,56.37, 41.35, 136 ,2619562.00 
Владимир,56.15, 40.42, 357 ,2620151.00 
Саранск,54.18, 45.17, 321 ,2628994.50 
Рязань,54.60, 39.70, 539 ,2629968.50 
Орехово-Зуево,55.82, 38.98, 118 ,2644575.25 
Иваново,57.02, 40.98, 405 ,2649288.25 
Пенза,53.20, 45.00, 520 ,2653049.00 
Коломна,55.10, 38.77, 140 ,2653916.75 
Тамбов,52.72, 41.42, 292 ,2663298.75 
Чебоксары,56.13, 47.23, 498 ,2666049.75 
Новочебоксарск,56.12, 47.50, 127 ,2672679.75 
Раменское,55.57, 38.23, 122 ,2674194.50 
Жуковский,55.60, 38.12, 108 ,2678664.00 
Кострома,57.77, 40.93, 277 ,2686410.75 
Щёлково,55.93, 38.02, 126 ,2687857.00 
Люберцы,55.67, 37.88, 205 ,2688942.75 
Липецк,52.62, 39.62, 509 ,2689558.00 
Ярославль,57.62, 39.85, 608 ,2692448.50 
Королев,55.90, 37.85, 226 ,2694585.00 
Домодедово,55.44, 37.77, 137 ,2695018.25 
Новомосковск,54.08, 38.25, 122 ,2695339.50 
Зеленодольск,55.83, 48.50, 100 ,2695518.00 
Сергиев Посад,56.32, 38.14, 100 ,2695648.50 
Пушкино,56.01, 37.85, 108 ,2698076.00 
Мытищи,55.92, 37.73, 236 ,2700641.75 
Москва,55.75, 37.62, 12678 ,2701865.25 
Йошкар-Ола,56.63, 47.87, 275 ,2702980.50 
Ульяновск,54.32, 48.37, 628 ,2705393.50 
Подольск,55.42, 37.53, 308 ,2711150.25 
Долгопрудный,55.93, 37.51, 116 ,2717514.25 
Казань,55.78, 49.17, 1257 ,2718265.00 
Тула,54.22, 37.60, 475 ,2722613.00 
Химки,55.88, 37.43, 260 ,2724489.50 
Красногорск,55.82, 37.33, 176 ,2733146.50 
Саратов,51.55, 46.00, 838 ,2736589.75 
Воронеж,51.72, 39.27, 1058 ,2736704.75 
Одинцово,55.68, 37.27, 136 ,2738129.25 
Энгельс,51.50, 46.13, 227 ,2742057.75 
Рыбинск,58.05, 38.83, 185 ,2747032.50 
Димитровград,54.22, 49.63, 113 ,2755774.00 
Тольятти,53.48, 49.52, 699 ,2769804.25 
Вологда,59.23, 39.90, 310 ,2779375.25 
Новокуйбышевск,52.98, 49.68, 100 ,2793580.00 
Камышин,50.08, 45.40, 110 ,2797928.00 
Самара,53.23, 50.17, 1157 ,2807508.00 
Обнинск,55.10, 36.60, 117 ,2812401.25 
Ногинск,57.55, 49.95, 104 ,2824667.00 
Череповец,59.13, 37.92, 315 ,2845733.00 
Нижнекамск,55.63, 51.78, 240 ,2846823.75 
Волжский,48.82, 44.73, 324 ,2851564.50 
Волгоград,48.72, 44.48, 1009 ,2853740.75 
Калуга,54.53, 36.28, 332 ,2856136.00 
Киров,58.60, 49.65, 518 ,2866162.25 
Набережные Челны,55.68, 52.32, 534 ,2875446.50 
Электросталь,54.90, 52.30, 156 ,2879746.75 
Альметьевск,54.90, 52.30, 158 ,2879747.00 
Волгодонск,47.53, 42.20, 171 ,2914958.50 
Шахты,47.70, 40.22, 230 ,2920539.50 
Новошахтинск,47.78, 39.88, 107 ,2921117.25 
Орел,52.97, 36.07, 309 ,2923128.75 
Тверь,56.87, 35.92, 425 ,2925266.50 
Новочеркасск,47.42, 40.07, 168 ,2938229.75 
Октябрьский,54.48, 53.45, 114 ,2954159.00 
Ростов-на-Дону,47.23, 39.70, 1138 ,2955242.50 
Курск,51.73, 36.18, 453 ,2958455.50 
Батайск,47.12, 39.75, 128 ,2960851.75 
Ижевск,56.83, 53.18, 648 ,2963691.50 
Белгород,50.62, 36.58, 394 ,2968900.50 
Таганрог,47.23, 38.90, 249 ,2981794.25 
Элиста,46.32, 44.25, 103 ,2988117.50 
Ставрополь,45.05, 41.97, 451 ,3064343.25 
Астрахань,46.37, 48.08, 530 ,3066841.75 
Армавир,45.00, 41.12, 189 ,3072304.00 
Невинномысск,44.62, 41.97, 117 ,3092247.50 
Брянск,53.27, 34.42, 403 ,3101919.50 
Уфа,54.82, 56.07, 1129 ,3107511.75 
Майкоп,44.60, 40.10, 141 ,3109552.75 
Краснодар,45.03, 38.97, 933 ,3112208.00 
Черкесск,44.23, 42.08, 123 ,3118091.25 
Сыктывкар,61.67, 50.82, 244 ,3119383.25 
Стерлитамак,53.63, 55.95, 276 ,3127360.75 
Пятигорск,44.05, 43.10, 148 ,3129096.25 
Салават,53.37, 55.93, 151 ,3133831.00 
Архангельск,64.53, 40.53, 347 ,3136943.25 
Кисловодск,43.91, 42.71, 129 ,3138822.75 
Оренбург,51.78, 55.10, 572 ,3141560.50 
Северодвинск,64.55, 39.82, 182 ,3148282.00 
Нальчик,43.48, 43.62, 240 ,3167846.75 
Сочи,43.58, 39.73, 444 ,3184348.50 
Новороссийск,44.70, 37.73, 275 ,3186654.75 
Назрань,43.23, 44.77, 122 ,3193256.25 
Грозный,43.30, 45.70, 306 ,3204347.75 
Владикавказ,43.03, 44.67, 304 ,3206064.25 
Пермь,58.00, 56.23, 1055 ,3208224.75 
Хасавюрт,43.25, 46.58, 145 ,3227538.00 
Махачкала,42.98, 47.52, 604 ,3270197.25 
Каспийск,42.90, 47.62, 124 ,3279399.50 
Березники,59.38, 56.77, 139 ,3323986.50 
Смоленск,54.78, 32.05, 325 ,3349993.00 
Магнитогорск,53.42, 58.97, 413 ,3353321.00 
Златоуст,55.17, 59.67, 164 ,3368891.75 
Петрозаводск,61.78, 34.33, 281 ,3399122.00 
Орск,51.22, 58.63, 227 ,3416598.50 
Первоуральск,56.90, 59.92, 121 ,3427547.50 
Екатеринбург,56.85, 60.60, 1494 ,3478833.75 
Нижний Тагил,57.93, 60.02, 349 ,3485893.75 
Челябинск,55.15, 61.43, 1197 ,3512261.50 
Копейск,55.10, 61.62, 148 ,3529080.75 
Великий Новгород,58.53, 31.27, 225 ,3564553.00 
Симферополь,44.97, 34.10, 342 ,3567855.25 
Каменск-Уральский,56.40, 61.90, 166 ,3572959.50 
Евпатория,45.19, 33.37, 108 ,3641336.25 
Севастополь,44.60, 33.52, 449 ,3661175.25 
Санкт-Петербург,59.93, 30.32, 5398 ,3762259.00 
Курган,55.43, 65.32, 312 ,3862180.75 
Тюмень,57.17, 65.50, 807 ,3932557.00 
Псков,57.80, 28.33, 210 ,3933395.25 
Мурманск,68.97, 33.08, 288 ,4072256.75 
Ханты-Мансийск,60.98, 69.05, 101 ,4491715.50 
Омск,54.98, 73.37, 1155 ,4633080.50 
Нефтеюганск,61.10, 72.62, 127 ,4841008.00 
Нефтекамск,61.10, 72.62, 131 ,4841008.00 
Сургут,61.25, 73.38, 381 ,4925221.00 
Калининград,54.72, 20.52, 489 ,5005251.00 
Нижневартовск,60.93, 76.53, 278 ,5227286.00 
Ноябрьск,63.15, 75.35, 107 ,5263037.00 
Рубцовск,51.50, 81.17, 142 ,5554433.50 
Новый Уренгой,66.08, 76.67, 118 ,5612601.00 
Новосибирск,55.02, 82.93, 1626 ,5629409.50 
Бердск,54.77, 83.08, 104 ,5649630.50 
Барнаул,53.35, 83.75, 632 ,5759321.00 
Северск,56.60, 84.88, 107 ,5876414.00 
Томск,56.48, 84.98, 577 ,5883373.50 
Бийск,52.53, 85.17, 199 ,5951541.00 
Кемерово,55.42, 86.08, 556 ,5989646.00 
Прокопьевск,53.90, 86.72, 190 ,6092138.00 
Новокузнецк,53.75, 87.12, 549 ,6144446.50 
Ачинск,56.30, 90.52, 106 ,6552762.00 
Абакан,53.72, 91.43, 187 ,6680903.50 
Красноярск,56.02, 93.07, 1094 ,6861643.00 
Норильск,69.35, 88.20, 182 ,7131653.50 
Кызыл,51.70, 94.42, 119 ,7134406.00 
Братск,56.30, 101.72, 226 ,7996750.00 
Ангарск,52.57, 103.92, 225 ,8337627.00 
Иркутск,52.33, 104.23, 624 ,8388517.00 
Улан-Удэ,51.83, 107.60, 439 ,8861580.00 
Чита,52.05, 113.47, 352 ,9652001.00 
Благовещенск,50.30, 127.52, 226 ,11669162.00 
Якутск,62.02, 129.70, 323 ,12146914.00 
Уссурийск,43.80, 131.95, 174 ,12664081.00 
Владивосток,43.13, 131.90, 607 ,12703196.00 
Артём,43.37, 132.20, 106 ,12729384.00 
Хабаровск,48.42, 135.12, 616 ,12838735.00 
Находка,42.82, 132.88, 145 ,12867232.00 
Комсомольск-на-Амуре,50.57, 137.00, 245 ,13004088.00 
Южно-Сахалинск,46.97, 142.73, 201 ,14041081.00 
Петропавловск-Камчатский,53.02, 158.65, 180 ,16101640.00 
